ID	REG	FOCUS	DSID	HAB_CO	HAB_CH	HAB_FI	PRE_CO	PRE_CH	PRE_FI	NPROJ	ACTION	COST	POST_CO	POST_CH	POST_FI
9ts2	Coos	1.0	NA	0.0	0.0	0.0244469706327971	0.0	0.0	0.0	1.0	0.0	200000.0	1.0	1.0	1.0
10ts2	Coos	1.0	NA	0.0	0.0	0.0031007264747846	0.0	0.0	0.0	1.0	0.0	100000.0	1.0	1.0	1.0
11ts2	Coos	1.0	NA	0.0	0.0	0.0014517706206989	0.0	0.0	0.0	1.0	0.0	100000.0	1.0	1.0	1.0
12ts2	Coos	1.0	NA	0.0	0.0	0.0044493734710031	0.0	0.0	0.0	1.0	0.0	200000.0	1.0	1.0	1.0
13ts2	Coos	1.0	NA	0.0	0.0	0.0250467867760682	0.0	0.0	0.0	1.0	0.0	200000.0	1.0	1.0	1.0
14ts2	Coos	1.0	NA	0.0492413638293073	0.0	0.0049230866059742	0.0	0.0	0.0	1.0	0.0	260000.0	1.0	1.0	1.0
15ts2	Coos	1.0	NA	0.190085183737926	0.0	0.0437902625070615	0.0	0.0	0.0	1.0	0.0	810000.0	1.0	1.0	1.0
16ts2	Coos	1.0	NA	0.0	0.0	5.61089837725201e-06	0.0	0.0	0.0	1.0	0.0	100000.0	1.0	1.0	1.0
17ts2	Coos	1.0	NA	0.0	0.0	0.009913426734128	0.0	0.0	0.0	1.0	0.0	260000.0	1.0	1.0	1.0
18ts2	Coos	1.0	NA	0.0	0.0	0.0053968339802989	0.0	0.0	0.0	1.0	0.0	100000.0	1.0	1.0	1.0
19ts2	Coos	1.0	NA	0.0	0.0	0.0033151874526997	0.0	0.0	0.0	1.0	0.0	260000.0	1.0	1.0	1.0
20ts2	Coos	1.0	NA	0.0	0.0	0.0	0.0	0.0	0.0	0.0	0.0	0.0	1.0	1.0	1.0
21ts2	Coos	1.0	NA	0.0	0.0	0.0181530767370566	0.0	0.0	0.0	1.0	0.0	540000.0	1.0	1.0	1.0
22ts2	Coos	1.0	NA	0.352072093945675	0.148364469624409	0.0640497124242534	0.400000005960465	0.400000005960465	0.0	1.0	0.0	1080000.0	1.0	1.0	1.0
23ts2	Coos	1.0	NA	0.0	0.0	0.0	0.0	0.0	0.0	0.0	0.0	0.0	1.0	1.0	1.0
24ts2	Coos	1.0	22ts2	0.0547634649168201	0.0	0.0181237381232229	0.0	0.0	0.0	1.0	0.0	360000.0	1.0	1.0	1.0
25ts2	Coos	1.0	22ts2	0.0	0.0	0.0	0.0	0.0	0.0	0.0	0.0	0.0	1.0	1.0	1.0
26ts2	Coos	1.0	NA	0.100071486201701	0.0	0.0474145039201161	0.0	0.0	0.0	1.0	0.0	540000.0	1.0	1.0	1.0
27ts2	Coos	1.0	NA	0.0207814504247961	0.0432360430922381	0.131435894315522	0.0	0.0	0.0	1.0	0.0	1080000.0	1.0	1.0	1.0
28ts2	Coos	1.0	NA	0.0	0.0	0.0141479004857321	0.0	0.0	0.0	1.0	0.0	200000.0	1.0	1.0	1.0
29ts2	Coos	1.0	NA	0.0	0.0	0.0232134833228082	0.0	0.0	0.0	1.0	0.0	200000.0	1.0	1.0	1.0
30ts2	Coos	1.0	NA	0.0	0.0	0.0	0.0	0.0	0.0	0.0	0.0	0.0	1.0	1.0	1.0
31ts2	Coos	1.0	6ts2	0.030752078566049	0.0	0.0120470735500299	0.0	0.0	0.0	1.0	0.0	100000.0	1.0	1.0	1.0
32ts2	Coos	1.0	NA	0.0	0.0	0.0026081567457518	0.0	0.0	0.0	1.0	0.0	200000.0	1.0	1.0	1.0
33ts2	Coos	1.0	NA	0.0	0.0	0.0	0.0	0.0	0.0	0.0	0.0	0.0	1.0	1.0	1.0
34ts2	Coos	1.0	NA	0.0	0.0	0.0025810548375957	0.0	0.0	0.0	1.0	0.0	200000.0	1.0	1.0	1.0
35ts2	Coos	1.0	159ts2	0.0	0.0	0.0	0.0	0.0	0.0	0.0	0.0	0.0	1.0	1.0	1.0
36ts2	Coos	1.0	NA	0.0	0.0	0.0012236567669091	0.0	0.0	0.0	1.0	0.0	200000.0	1.0	1.0	1.0
45ts2	Coos	1.0	NA	0.166548053770442	0.326998907369421	0.0653892111429605	0.800000011920929	0.800000011920929	0.0	1.0	0.0	1260000.0	1.0	1.0	1.0
37ts2	Coos	1.0	45ts2	0.0	0.0	0.0164277212066508	0.0	0.0	0.0	1.0	0.0	200000.0	1.0	1.0	1.0
38ts2	Coos	1.0	45ts2	0.0	0.0	0.0	0.0	0.0	0.0	0.0	0.0	0.0	1.0	1.0	1.0
39ts2	Coos	1.0	45ts2	0.0	0.0	0.0055384543167142	0.0	0.0	0.0	1.0	0.0	200000.0	1.0	1.0	1.0
40ts2	Coos	1.0	NA	0.0	0.0	0.0018672833574497	0.0	0.0	0.0	1.0	0.0	100000.0	1.0	1.0	1.0
41ts2	Coos	1.0	NA	0.0	0.0	0.0022249073006396	0.0	0.0	0.0	1.0	0.0	200000.0	1.0	1.0	1.0
42ts2	Coos	1.0	NA	0.0021363792608432	0.0144601247251406	0.0598539402898629	0.0	0.0	0.0	1.0	0.0	360000.0	1.0	1.0	1.0
43ts2	Coos	1.0	46ts2	0.0	0.0	0.0	0.0	0.0	0.0	0.0	0.0	0.0	1.0	1.0	1.0
44ts2	Coos	1.0	46ts2	0.0	0.0	0.0	0.0	0.0	0.0	0.0	0.0	0.0	1.0	1.0	1.0
46ts2	Coos	1.0	NA	0.461199146727936	0.816550508538977	0.0953604620617855	0.800000011920929	0.800000011920929	0.0	1.0	0.0	1900000.0	1.0	1.0	1.0
47ts2	Coos	1.0	3888fs2	0.0	0.0	0.0047714232566922	0.0	0.0	0.0	1.0	0.0	200000.0	1.0	1.0	1.0
48ts2	Coos	1.0	NA	0.277623108117006	0.610861017598283	0.203709430198722	0.400000005960465	0.400000005960465	0.0	1.0	0.0	1900000.0	1.0	1.0	1.0
49ts2	Coos	1.0	48ts2	0.0	0.0	0.0172645437477569	0.0	0.0	0.0	1.0	0.0	200000.0	1.0	1.0	1.0
50ts2	Coos	1.0	48ts2	0.0	0.0	0.0147533945224237	0.0	0.0	0.0	1.0	0.0	100000.0	1.0	1.0	1.0
51ts2	Coos	1.0	52ts2	0.0	0.0	0.0361136359405065	0.0	0.0	0.0	1.0	0.0	260000.0	1.0	1.0	1.0
52ts2	Coos	1.0	NA	0.540943521414732	1.0	0.236066288169883	0.400000005960465	0.400000005960465	0.0	1.0	0.0	1900000.0	1.0	1.0	1.0
54ts2	Coos	1.0	52ts2	0.0	0.0	0.0147022457057969	0.0	0.0	0.0	1.0	0.0	100000.0	1.0	1.0	1.0
55ts2	Coos	1.0	NA	0.0	0.0	0.0	0.0	0.0	0.0	0.0	0.0	0.0	1.0	1.0	1.0
56ts2	Coos	1.0	NA	0.0	0.0	0.0063133784767053	0.0	0.0	0.0	1.0	0.0	200000.0	1.0	1.0	1.0
57ts2	Coos	1.0	NA	0.30493271018378	0.0	0.0718455747526392	0.0	0.0	0.0	1.0	0.0	810000.0	1.0	1.0	1.0
58ts2	Coos	1.0	NA	0.0464356483997417	0.0	0.0156214391072303	0.0	0.0	0.0	1.0	0.0	260000.0	1.0	1.0	1.0
59ts2	Coos	1.0	NA	0.0	0.0	0.0037524845136624	0.0	0.0	0.0	1.0	0.0	200000.0	1.0	1.0	1.0
60ts2	Coos	1.0	NA	0.0374230209449005	0.0	0.0173530893702633	0.0	0.0	0.0	1.0	0.0	260000.0	1.0	1.0	1.0
61ts2	Coos	1.0	121ts2	0.0	0.0	0.0034955977916366	0.0	0.0	0.0	1.0	0.0	200000.0	1.0	1.0	1.0
62ts2	Coos	1.0	NA	0.0	0.0	0.0	0.0	0.0	0.0	1.0	0.0	100000.0	1.0	1.0	1.0
63ts2	Coos	1.0	NA	0.0	0.0	0.0	0.0	0.0	0.0	1.0	0.0	100000.0	1.0	1.0	1.0
64ts2	Coos	1.0	NA	0.0	0.0	0.0	0.0	0.0	0.0	1.0	0.0	100000.0	1.0	1.0	1.0
65ts2	Coos	1.0	NA	0.0	0.0	0.0036276181034106	0.0	0.0	0.0	1.0	0.0	200000.0	1.0	1.0	1.0
66ts2	Coos	1.0	NA	0.0617245133051889	0.128019122640452	0.0271812266709501	0.0	0.0	0.0	1.0	0.0	810000.0	1.0	1.0	1.0
67ts2	Coos	1.0	NA	0.0	0.0	0.0008408154734707	0.0	0.0	0.0	1.0	0.0	200000.0	1.0	1.0	1.0
68ts2	Coos	1.0	NA	0.0	0.0	0.014237682971708	0.0	0.0	0.0	1.0	0.0	100000.0	1.0	1.0	1.0
69ts2	Coos	1.0	NA	0.0	0.0	0.0042570329734338	0.0	0.0	0.0	1.0	0.0	100000.0	1.0	1.0	1.0
70ts2	Coos	1.0	71ts2	0.0	0.0	0.0	0.0	0.0	0.0	0.0	0.0	0.0	1.0	1.0	1.0
71ts2	Coos	1.0	NA	0.0	0.0	0.0083247934546297	0.0	0.0	0.0	1.0	0.0	200000.0	1.0	1.0	1.0
72ts2	Coos	1.0	NA	0.0129000838329195	0.0	0.0060887539846326	0.0	0.0	0.0	1.0	0.0	100000.0	1.0	1.0	1.0
73ts2	Coos	1.0	NA	0.0136493678680856	0.0	0.0228795747768286	0.0	0.0	0.0	1.0	0.0	200000.0	1.0	1.0	1.0
74ts2	Coos	1.0	NA	0.0178103129295175	0.0	0.0165900263593548	0.0	0.0	0.0	1.0	0.0	200000.0	1.0	1.0	1.0
75ts2	Coos	1.0	NA	0.0	0.0	0.0	0.0	0.0	0.0	0.0	0.0	0.0	1.0	1.0	1.0
76ts2	Coos	1.0	NA	0.0	0.0	0.0009476906959575	0.0	0.0	0.0	1.0	0.0	200000.0	1.0	1.0	1.0
77ts2	Coos	1.0	NA	0.0192757060391339	0.0	0.0219480095556441	0.0	0.0	0.0	1.0	0.0	200000.0	1.0	1.0	1.0
78ts2	Coos	1.0	NA	0.0	0.0	0.0	0.0	0.0	0.0	1.0	0.0	100000.0	1.0	1.0	1.0
79ts2	Coos	1.0	NA	0.0247385678279432	0.0	0.0227206978062217	0.0	0.0	0.0	1.0	0.0	200000.0	1.0	1.0	1.0
80ts2	Coos	1.0	NA	0.0	0.0	0.0025140720451885	0.0	0.0	0.0	1.0	0.0	100000.0	1.0	1.0	1.0
81ts2	Coos	1.0	NA	0.0	0.0	0.0	0.0	0.0	0.0	0.0	0.0	0.0	1.0	1.0	1.0
82ts2	Coos	1.0	NA	0.090718756328105	0.0057435854207692	0.0799196411184055	0.0	0.0	0.0	1.0	0.0	260000.0	1.0	1.0	1.0
83ts2	Coos	1.0	NA	0.0283580095621311	0.0	0.0071801718652898	0.0	0.0	0.0	1.0	0.0	200000.0	1.0	1.0	1.0
84ts2	Coos	1.0	NA	0.0	0.0	0.0357713400800127	0.0	0.0	0.0	1.0	0.0	200000.0	1.0	1.0	1.0
85ts2	Coos	1.0	NA	0.0	0.0	0.0089578652999497	0.0	0.0	0.0	1.0	0.0	200000.0	1.0	1.0	1.0
86ts2	Coos	1.0	NA	0.0	0.0	0.0	0.0	0.0	0.0	0.0	0.0	0.0	1.0	1.0	1.0
87ts2	Coos	1.0	NA	0.0	0.0	0.0	0.0	0.0	0.0	1.0	0.0	100000.0	1.0	1.0	1.0
88ts2	Coos	1.0	NA	0.0	0.0	0.0	0.0	0.0	0.0	0.0	0.0	0.0	1.0	1.0	1.0
89ts2	Coos	1.0	NA	0.0	0.0	0.0308054680840048	0.0	0.0	0.0	1.0	0.0	260000.0	1.0	1.0	1.0
90ts2	Coos	1.0	NA	0.0	0.0	0.0	0.0	0.0	0.0	0.0	0.0	0.0	1.0	1.0	1.0
91ts2	Coos	1.0	NA	0.0	0.0	0.0307435208653623	0.0	0.0	0.0	1.0	0.0	200000.0	1.0	1.0	1.0
92ts2	Coos	1.0	NA	0.0	0.0	0.0	0.0	0.0	0.0	0.0	0.0	0.0	1.0	1.0	1.0
93ts2	Coos	1.0	NA	0.0	0.0	0.0382392107624525	0.0	0.0	0.0	1.0	0.0	360000.0	1.0	1.0	1.0
94ts2	Coos	1.0	NA	0.0	0.0	0.0	0.0	0.0	0.0	0.0	0.0	0.0	1.0	1.0	1.0
95ts2	Coos	1.0	NA	0.0	0.0	0.0	0.0	0.0	0.0	0.0	0.0	0.0	1.0	1.0	1.0
96ts2	Coos	1.0	NA	0.0	0.0	0.0087238698418567	0.0	0.0	0.0	1.0	0.0	100000.0	1.0	1.0	1.0
97ts2	Coos	1.0	NA	0.109406548153293	0.0	0.0071131232483889	0.0	0.0	0.0	1.0	0.0	360000.0	1.0	1.0	1.0
98ts2	Coos	1.0	NA	0.0621000879558955	0.0	0.0070838180776448	0.0	0.0	0.0	1.0	0.0	360000.0	1.0	1.0	1.0
99ts2	Coos	1.0	NA	0.416124101048635	0.0	0.169437257825318	0.800000011920929	0.800000011920929	0.0	1.0	0.0	1900000.0	1.0	1.0	1.0
100ts2	Coos	1.0	99ts2	0.0	0.0	0.0059992204638787	0.0	0.0	0.0	1.0	0.0	200000.0	1.0	1.0	1.0
1ts2	Coos	1.0	NA	0.0318315158222777	0.0	0.0730928767128128	0.0	0.0	0.0	1.0	0.0	260000.0	1.0	1.0	1.0
2ts2	Coos	1.0	NA	0.036941242798811	0.0768566560131678	0.0358218041095684	0.0	0.0	0.0	1.0	0.0	200000.0	1.0	1.0	1.0
3ts2	Coos	1.0	NA	0.0	0.0	0.0	0.0	0.0	0.0	0.0	0.0	0.0	1.0	1.0	1.0
4ts2	Coos	1.0	NA	0.0	0.0	0.0015411856308222	0.0	0.0	0.0	1.0	0.0	100000.0	1.0	1.0	1.0
5ts2	Coos	1.0	NA	0.0	0.0	0.0459726969513016	0.0	0.0	0.0	1.0	0.0	260000.0	1.0	1.0	1.0
6ts2	Coos	1.0	NA	0.189729950538234	0.0	0.0538046268554693	0.400000005960465	0.400000005960465	0.0	1.0	0.0	810000.0	1.0	1.0	1.0
7ts2	Coos	1.0	NA	0.0	0.0	0.0	0.0	0.0	0.0	0.0	0.0	0.0	1.0	1.0	1.0
8ts2	Coos	1.0	NA	0.0	0.0	0.0185664035963174	0.0	0.0	0.0	1.0	0.0	100000.0	1.0	1.0	1.0
133ts2	Coos	1.0	99ts2	0.0	0.0	0.0135585207097616	0.0	0.0	0.0	1.0	0.0	200000.0	1.0	1.0	1.0
132ts2	Coos	1.0	99ts2	0.0	0.0	0.0	0.0	0.0	0.0	1.0	0.0	100000.0	1.0	1.0	1.0
123ts2	Coos	1.0	NA	0.0	0.0	0.0717680037719218	0.0	0.0	0.0	1.0	0.0	540000.0	1.0	1.0	1.0
124ts2	Coos	1.0	52ts2	0.0	0.0	0.0394311479533492	0.0	0.0	0.0	1.0	0.0	200000.0	1.0	1.0	1.0
125ts2	Coos	1.0	52ts2	0.0	0.0	0.0	0.0	0.0	0.0	0.0	0.0	0.0	1.0	1.0	1.0
128ts2	Coos	1.0	52ts2	0.0	0.0	0.0	0.0	0.0	0.0	0.0	0.0	0.0	1.0	1.0	1.0
126ts2	Coos	1.0	48ts2	0.0	0.0	0.0	0.0	0.0	0.0	0.0	0.0	0.0	1.0	1.0	1.0
127ts2	Coos	1.0	48ts2	0.0	0.0	0.0113297086629994	0.0	0.0	0.0	1.0	0.0	100000.0	1.0	1.0	1.0
120ts2	Coos	1.0	NA	0.0	0.0	0.0066660300164107	0.0	0.0	0.0	1.0	0.0	200000.0	1.0	1.0	1.0
119ts2	Coos	1.0	NA	0.0	0.0	0.0051899603369629	0.0	0.0	0.0	1.0	0.0	200000.0	1.0	1.0	1.0
101ts2	Coos	1.0	NA	0.0	0.0	0.0	0.0	0.0	0.0	1.0	0.0	100000.0	1.0	1.0	1.0
102ts2	Coos	1.0	NA	0.0	0.0	0.0	0.0	0.0	0.0	1.0	0.0	100000.0	1.0	1.0	1.0
103ts2	Coos	1.0	NA	0.0	0.0	0.0	0.0	0.0	0.0	0.0	0.0	0.0	1.0	1.0	1.0
104ts2	Coos	1.0	NA	0.0	0.0	0.0	0.0	0.0	0.0	1.0	0.0	100000.0	1.0	1.0	1.0
105ts2	Coos	1.0	NA	0.0	0.0	0.0	0.0	0.0	0.0	1.0	0.0	100000.0	1.0	1.0	1.0
106ts2	Coos	1.0	NA	0.0980065228919855	0.0	0.0338336411031852	0.0	0.0	0.0	1.0	0.0	540000.0	1.0	1.0	1.0
107ts2	Coos	1.0	NA	0.0	0.0	0.0	0.0	0.0	0.0	0.0	0.0	0.0	1.0	1.0	1.0
108ts2	Coos	1.0	NA	0.0	0.0	0.0	0.0	0.0	0.0	0.0	0.0	0.0	1.0	1.0	1.0
109ts2	Coos	1.0	NA	0.0111438870205799	0.0	0.0027251714617644	0.0	0.0	0.0	1.0	0.0	100000.0	1.0	1.0	1.0
110ts2	Coos	1.0	NA	0.0	0.0	0.0	0.0	0.0	0.0	0.0	0.0	0.0	1.0	1.0	1.0
111ts2	Coos	1.0	NA	0.0	0.0	0.0063687782815998	0.0	0.0	0.0	1.0	0.0	100000.0	1.0	1.0	1.0
112ts2	Coos	1.0	NA	0.0	0.0	0.014933375675045	0.0	0.0	0.0	1.0	0.0	200000.0	1.0	1.0	1.0
113ts2	Coos	1.0	NA	0.0	0.0	0.0154347289926607	0.0	0.0	0.0	1.0	0.0	100000.0	1.0	1.0	1.0
114ts2	Coos	1.0	NA	0.0	0.0	0.0150622632186795	0.0	0.0	0.0	1.0	0.0	200000.0	1.0	1.0	1.0
115ts2	Coos	1.0	NA	0.0	0.0	0.0398546032911499	0.0	0.0	0.0	1.0	0.0	260000.0	1.0	1.0	1.0
116ts2	Coos	1.0	NA	0.0	0.0	0.0135466521288813	0.0	0.0	0.0	1.0	0.0	100000.0	1.0	1.0	1.0
117ts2	Coos	1.0	NA	0.0	0.0	0.003666007585122	0.0	0.0	0.0	1.0	0.0	100000.0	1.0	1.0	1.0
118ts2	Coos	1.0	NA	0.0	0.0	0.0010120299581199	0.0	0.0	0.0	1.0	0.0	100000.0	1.0	1.0	1.0
121ts2	Coos	1.0	NA	0.0	0.0	0.0197145059211808	0.400000005960465	0.400000005960465	0.0	1.0	0.0	200000.0	1.0	1.0	1.0
122ts2	Coos	1.0	NA	0.0	0.0	0.0137997356284491	0.0	0.0	0.0	1.0	0.0	100000.0	1.0	1.0	1.0
134ts2	Coos	1.0	99ts2	0.0	0.0	0.0	0.0	0.0	0.0	1.0	0.0	100000.0	1.0	1.0	1.0
129ts2	Coos	1.0	45ts2	0.0	0.0	0.0080982489045445	0.0	0.0	0.0	1.0	0.0	100000.0	1.0	1.0	1.0
130ts2	Coos	1.0	45ts2	0.0	0.0	0.0208020454651391	0.0	0.0	0.0	1.0	0.0	260000.0	1.0	1.0	1.0
136ts2	Coos	1.0	NA	0.0	0.0	0.0011810173586154	0.0	0.0	0.0	1.0	0.0	100000.0	1.0	1.0	1.0
135ts2	Coos	1.0	22ts2	0.0	0.0	0.0417379057557685	0.0	0.0	0.0	1.0	0.0	260000.0	1.0	1.0	1.0
137ts2	Coos	1.0	NA	0.0	0.0	0.0018491956890256	0.0	0.0	0.0	1.0	0.0	200000.0	1.0	1.0	1.0
138ts2	Coos	1.0	NA	0.0	0.0	0.0081371825000139	0.0	0.0	0.0	1.0	0.0	200000.0	1.0	1.0	1.0
139ts2	Coos	1.0	NA	0.0	0.0	0.0022827169986395	0.0	0.0	0.0	1.0	0.0	260000.0	1.0	1.0	1.0
140ts2	Coos	1.0	48ts2	0.0	0.0	0.0	0.0	0.0	0.0	0.0	0.0	0.0	1.0	1.0	1.0
141ts2	Coos	1.0	48ts2	0.0	0.0	0.0	0.0	0.0	0.0	0.0	0.0	0.0	1.0	1.0	1.0
142ts2	Coos	1.0	NA	0.0	0.0	0.006092940210092	0.0	0.0	0.0	1.0	0.0	100000.0	1.0	1.0	1.0
143ts2	Coos	1.0	NA	0.0	0.0	0.0032563355777871	0.0	0.0	0.0	1.0	0.0	200000.0	1.0	1.0	1.0
144ts2	Coos	1.0	NA	0.0	0.0	0.0041189918438611	0.0	0.0	0.0	1.0	0.0	100000.0	1.0	1.0	1.0
145ts2	Coos	1.0	48ts2	0.0	0.0	0.0	0.0	0.0	0.0	0.0	0.0	0.0	1.0	1.0	1.0
146ts2	Coos	1.0	48ts2	0.0	0.0	0.0	0.0	0.0	0.0	1.0	0.0	100000.0	1.0	1.0	1.0
147ts2	Coos	1.0	48ts2	0.0	0.0	0.0	0.0	0.0	0.0	0.0	0.0	0.0	1.0	1.0	1.0
148ts2	Coos	1.0	99ts2	5.04182867397976e-05	0.0	0.0	0.0	0.0	0.0	1.0	0.0	100000.0	1.0	1.0	1.0
149ts2	Coos	1.0	99ts2	0.0	0.0	0.0	0.0	0.0	0.0	1.0	0.0	100000.0	1.0	1.0	1.0
150ts2	Coos	1.0	99ts2	0.0	0.0	0.0	0.0	0.0	0.0	1.0	0.0	200000.0	1.0	1.0	1.0
151ts2	Coos	1.0	NA	0.0	0.0	0.0020180470610816	0.0	0.0	0.0	1.0	0.0	200000.0	1.0	1.0	1.0
152ts2	Coos	1.0	NA	0.0533400286294853	0.0	0.0722379227087606	0.0	0.0	0.0	1.0	0.0	260000.0	1.0	1.0	1.0
153ts2	Coos	1.0	NA	0.0	0.118889123847006	0.0299640335816012	0.0	0.0	0.0	1.0	0.0	1080000.0	1.0	1.0	1.0
154ts2	Coos	1.0	NA	0.0135519987747654	0.0130429920374662	0.0078335165929704	0.0	0.0	0.0	1.0	0.0	360000.0	1.0	1.0	1.0
155ts2	Coos	1.0	NA	0.0	0.0	0.0067459207796868	0.0	0.0	0.0	1.0	0.0	100000.0	1.0	1.0	1.0
156ts2	Coos	1.0	NA	0.0	0.0	0.012774916210091	0.0	0.0	0.0	1.0	0.0	200000.0	1.0	1.0	1.0
157ts2	Coos	1.0	NA	0.0029211012804882	0.0657362363677505	0.0035392418197226	0.0	0.0	0.0	1.0	0.0	200000.0	1.0	1.0	1.0
158ts2	Coos	1.0	157ts2	0.0	0.0	0.0057139668355646	0.0	0.0	0.0	1.0	0.0	100000.0	1.0	1.0	1.0
160ts2	Coos	1.0	NA	0.0	0.0	0.0060989185604755	0.0	0.0	0.0	1.0	0.0	100000.0	1.0	1.0	1.0
159ts2	Coos	1.0	NA	0.0	0.0	0.0	0.0	0.0	0.0	1.0	0.0	540000.0	1.0	1.0	1.0
0ts2	Coos	1.0	46ts2	0.0	0.0	0.0	0.0	0.0	0.0	0.0	0.0	0.0	1.0	1.0	1.0
161ts2	Coos	1.0	NA	0.178540218168526	0.0	0.110169223476857	0.0	0.0	0.0	1.0	0.0	540000.0	1.0	1.0	1.0
3643fs2	Coos	1.0	22ts2	0.0011820940875151	0.0	0.0	1.0	1.0	0.0	1.0	0.0	150000.0	1.0	1.0	1.0
3646fs2	Coos	1.0	19ts2	0.0	0.0	0.0	1.0	1.0	0.0	1.0	0.0	150000.0	1.0	1.0	1.0
3647fs2	Coos	1.0	3648fs2	0.0	0.0	0.0	1.0	0.0	0.0	1.0	0.0	150000.0	1.0	1.0	1.0
3648fs2	Coos	1.0	21ts2	0.0	0.0	0.0	1.0	0.0	0.0	1.0	0.0	150000.0	1.0	1.0	1.0
3889fs2	Coos	1.0	38726fs2	0.0	0.0	0.0	0.100000001490116	0.0	0.0	1.0	0.0	75000.0	1.0	1.0	1.0
3892fs2	Coos	1.0	45ts2	0.0956126311655808	0.198819963687369	0.0	1.0	1.0	0.0	1.0	0.0	300000.0	1.0	1.0	1.0
4451fs2	Coos	1.0	48ts2	0.0	0.0	0.0	0.100000001490116	0.0	0.0	1.0	0.0	300000.0	1.0	1.0	1.0
5008fs2	Coos	1.0	120ts2	0.0	0.0	0.0	0.400000005960465	0.0	0.0	1.0	0.0	300000.0	1.0	1.0	1.0
5777fs2	Coos	1.0	159ts2	0.108748319247631	0.0	0.0	1.0	1.0	0.0	1.0	0.0	300000.0	1.0	1.0	1.0
7100fs2	Coos	1.0	45ts2	0.0602786024986966	0.0	0.0	0.100000001490116	0.0	0.0	1.0	0.0	300000.0	1.0	1.0	1.0
8916fs2	Coos	1.0	35752fs2	0.134594011024498	0.169918516826517	0.0	1.0	1.0	0.0	1.0	0.0	300000.0	1.0	1.0	1.0
8917fs2	Coos	1.0	66ts2	0.0687128434674081	0.143055670799282	0.0	1.0	1.0	0.0	1.0	0.0	300000.0	1.0	1.0	1.0
8918fs2	Coos	1.0	66ts2	0.0	0.0	0.0	1.0	0.0	0.0	1.0	0.0	300000.0	1.0	1.0	1.0
10150fs2	Coos	1.0	10151fs2	0.0	0.0	0.0	1.0	0.0	0.0	1.0	0.0	150000.0	1.0	1.0	1.0
10151fs2	Coos	1.0	46ts2	0.0975080100817381	0.0	0.0	1.0	1.0	0.0	1.0	0.0	300000.0	1.0	1.0	1.0
10152fs2	Coos	1.0	46ts2	0.0	0.0	0.0	1.0	0.0	0.0	1.0	0.0	150000.0	1.0	1.0	1.0
10153fs2	Coos	1.0	48ts2	0.200048253558159	0.0605679054045475	0.0	1.0	0.0	0.0	1.0	0.0	300000.0	1.0	1.0	1.0
10317fs2	Coos	1.0	10151fs2	0.0	0.0	0.0	0.0	0.0	0.0	0.0	0.0	0.0	1.0	1.0	1.0
12241fs2	Coos	1.0	15621fs2	0.0	0.0	0.0	0.400000005960465	0.400000005960465	0.0	0.0	0.0	0.0	1.0	1.0	1.0
23838fs2	Coos	1.0	106ts2	0.0	0.0	0.0	0.0	0.0	0.0	1.0	0.0	75000.0	1.0	1.0	1.0
23976fs2	Coos	1.0	3892fs2	0.0854889584450773	0.0	0.0	0.100000001490116	0.0	0.0	1.0	0.0	300000.0	1.0	1.0	1.0
24501fs2	Coos	1.0	10151fs2	0.104709261622468	0.0	0.0	0.0	0.0	0.0	1.0	0.0	300000.0	1.0	1.0	1.0
24521fs2	Coos	1.0	138ts2	0.0	0.0	0.0	0.100000001490116	0.0	0.0	1.0	0.0	300000.0	1.0	1.0	1.0
24524fs2	Coos	1.0	23976fs2	0.0	0.0	0.0	0.0	0.0	0.0	1.0	0.0	150000.0	1.0	1.0	1.0
24527fs2	Coos	1.0	10151fs2	0.0	0.0	0.0	0.0	0.0	0.0	1.0	0.0	75000.0	1.0	1.0	1.0
24748fs2	Coos	1.0	8916fs2	0.0	0.0	0.0	0.0	0.0	0.0	1.0	0.0	150000.0	1.0	1.0	1.0
14766fs2	Coos	1.0	8917fs2	0.0	0.0	0.0	0.400000005960465	0.0	0.0	1.0	0.0	150000.0	1.0	1.0	1.0
15926fs2	Coos	1.0	8917fs2	0.0565091605461365	0.0074141227992321	0.0	0.400000005960465	0.400000005960465	0.0	1.0	0.0	300000.0	1.0	1.0	1.0
17243fs2	Coos	1.0	8917fs2	0.0	0.0	0.0	0.100000001490116	0.0	0.0	1.0	0.0	150000.0	1.0	1.0	1.0
3888fs2	Coos	1.0	NA	0.0	0.0	0.0	1.0	1.0	0.0	1.0	0.0	150000.0	1.0	1.0	1.0
3955fs2	Coos	1.0	8917fs2	0.0	0.0	0.0	0.100000001490116	0.0	0.0	0.0	0.0	0.0	1.0	1.0	1.0
5473fs2	Coos	1.0	NA	0.0	0.0	0.0	0.100000001490116	0.100000001490116	0.0	1.0	0.0	150000.0	1.0	1.0	1.0
5609fs2	Coos	1.0	15ts2	0.0	0.0	0.0	0.0	0.0	0.0	0.0	0.0	0.0	1.0	1.0	1.0
6058fs2	Coos	1.0	52ts2	0.0890366861237279	0.0186068245343648	0.0	0.100000001490116	0.0	0.0	0.0	0.0	0.0	1.0	1.0	1.0
28666fs2	Coos	1.0	28665fs2	0.0	0.0	0.0	0.0	0.0	0.0	0.0	0.0	0.0	1.0	1.0	1.0
28667fs2	Coos	1.0	52ts2	0.0	0.0	0.0	0.100000001490116	0.0	0.0	0.0	0.0	0.0	1.0	1.0	1.0
28668fs2	Coos	1.0	52ts2	0.0	0.0	0.0	0.400000005960465	0.0	0.0	0.0	0.0	0.0	1.0	1.0	1.0
28669fs2	Coos	1.0	52ts2	0.0	0.0	0.0	0.400000005960465	0.0	0.0	0.0	0.0	0.0	1.0	1.0	1.0
28670fs2	Coos	1.0	52ts2	0.0	0.0	0.0	0.400000005960465	0.0	0.0	0.0	0.0	0.0	1.0	1.0	1.0
28671fs2	Coos	1.0	52ts2	0.0	0.0	0.0	0.100000001490116	0.0	0.0	0.0	0.0	0.0	1.0	1.0	1.0
32733fs2	Coos	1.0	99ts2	0.0039597549298316	0.0	0.0	0.0	0.0	0.0	0.0	0.0	0.0	1.0	1.0	1.0
34990fs2	Coos	1.0	34991fs2	0.0716224893859032	0.149011384336101	0.0	1.0	1.0	0.0	0.0	0.0	0.0	1.0	1.0	1.0
34991fs2	Coos	1.0	48ts2	0.0685080206933546	0.142531702365044	0.0	1.0	1.0	0.0	0.0	0.0	0.0	1.0	1.0	1.0
34996fs2	Coos	1.0	22ts2	0.0	0.0	0.0	1.0	1.0	0.0	0.0	0.0	0.0	1.0	1.0	1.0
35002fs2	Coos	1.0	99ts2	0.229760440472525	0.0	0.0	1.0	1.0	0.0	0.0	0.0	0.0	1.0	1.0	1.0
35752fs2	Coos	1.0	27ts2	0.149680708314316	0.311925278009231	0.0	1.0	1.0	0.0	0.0	0.0	0.0	1.0	1.0	1.0
35753fs2	Coos	1.0	48ts2	0.0	0.0	0.0	1.0	1.0	0.0	0.0	0.0	0.0	1.0	1.0	1.0
38726fs2	Coos	1.0	3892fs2	0.0	0.0	0.0	1.0	1.0	0.0	0.0	0.0	0.0	1.0	1.0	1.0
38727fs2	Coos	1.0	3892fs2	0.128789105475089	0.0	0.0	0.400000005960465	0.0	0.0	0.0	0.0	0.0	1.0	1.0	1.0
40043fs2	Coos	1.0	8917fs2	0.0	0.0	0.0	0.400000005960465	0.0	0.0	1.0	0.0	150000.0	1.0	1.0	1.0
40127fs2	Coos	1.0	15ts2	0.0	0.0	0.0	1.0	0.0	0.0	0.0	0.0	0.0	1.0	1.0	1.0
41375fs2	Coos	1.0	99ts2	0.0	0.0	0.0	0.0	0.0	0.0	1.0	0.0	75000.0	1.0	1.0	1.0
41376fs2	Coos	1.0	99ts2	0.0	0.0	0.0	0.0	0.0	0.0	1.0	0.0	75000.0	1.0	1.0	1.0
41377fs2	Coos	1.0	99ts2	0.0	0.0	0.0	0.0	0.0	0.0	1.0	0.0	75000.0	1.0	1.0	1.0
41409fs2	Coos	1.0	66ts2	0.0	0.0	0.0	1.0	1.0	0.0	1.0	0.0	150000.0	1.0	1.0	1.0
41410fs2	Coos	1.0	66ts2	0.0	0.0	0.0	0.0	0.0	0.0	1.0	0.0	75000.0	1.0	1.0	1.0
44831fs2	Coos	1.0	34990fs2	0.0118524333807783	0.024659120389868	0.0	0.100000001490116	0.0	0.0	0.0	0.0	0.0	1.0	1.0	1.0
44832fs2	Coos	1.0	44831fs2	0.073552909956901	0.0	0.0	0.100000001490116	0.0	0.0	0.0	0.0	0.0	1.0	1.0	1.0
5534fs2	Coos	1.0	24521fs2	0.0	0.0	0.0	0.0	0.0	0.0	0.0	0.0	0.0	1.0	1.0	1.0
28665fs2	Coos	1.0	44832fs2	0.0	0.0	0.0	0.0	0.0	0.0	0.0	0.0	0.0	1.0	1.0	1.0
2751fs2	Coos	1.0	6ts2	0.0	0.0	0.0	1.0	0.0	0.0	1.0	0.0	150000.0	1.0	1.0	1.0
16894fs2	Coos	1.0	119ts2	0.0	0.0	0.0	1.0	1.0	0.0	1.0	0.0	75000.0	1.0	1.0	1.0
13743fs2	Coos	1.0	67ts2	0.0	0.0	0.0	1.0	1.0	0.0	1.0	0.0	150000.0	1.0	1.0	1.0
15621fs2	Coos	1.0	13743fs2	0.0	0.0	0.0	1.0	1.0	0.0	1.0	0.0	150000.0	1.0	1.0	1.0
17241fs2	Coos	1.0	120ts2	0.0	0.0	0.0	1.0	1.0	0.0	1.0	0.0	150000.0	1.0	1.0	1.0
9873fs2	Coos	1.0	99ts2	0.0	0.0	0.0	1.0	0.0	0.0	1.0	0.0	300000.0	1.0	1.0	1.0
44812fs2	Coos	1.0	22ts2	0.0	0.0	0.0	0.400000005960465	0.0	0.0	1.0	0.0	300000.0	1.0	1.0	1.0
3987fs2	Coos	1.0	26ts2	0.0	0.0	0.0	0.100000001490116	0.0	0.0	0.0	0.0	0.0	1.0	1.0	1.0
3988fs2	Coos	1.0	26ts2	0.0	0.0	0.0	0.100000001490116	0.0	0.0	0.0	0.0	0.0	1.0	1.0	1.0
18863fs2	Coos	1.0	3987fs2	0.0	0.0	0.0	0.0	0.0	0.0	0.0	0.0	0.0	1.0	1.0	1.0
18177fs2	Coos	1.0	29011fs2	0.0	0.0	0.0	0.0	0.0	0.0	0.0	0.0	0.0	1.0	1.0	1.0
18269fs2	Coos	1.0	29011fs2	0.0	0.0	0.0	0.0	0.0	0.0	0.0	0.0	0.0	1.0	1.0	1.0
29009fs2	Coos	1.0	153ts2	0.0	0.0348053432269062	0.0	0.0	0.0	0.0	1.0	0.0	300000.0	1.0	1.0	1.0
29010fs2	Coos	1.0	32951fs2	0.0	0.0	0.0	0.0	0.0	0.0	1.0	0.0	300000.0	1.0	1.0	1.0
29023fs2	Coos	1.0	32951fs2	0.0	0.0	0.0	0.0	0.0	0.0	1.0	0.0	150000.0	1.0	1.0	1.0
29011fs2	Coos	1.0	90fs2	0.0	0.0	0.0	0.0	0.0	0.0	1.0	0.0	300000.0	1.0	1.0	1.0
29464fs2	Coos	1.0	153ts2	0.0	0.0	0.0	0.0	0.0	0.0	1.0	0.0	75000.0	1.0	1.0	1.0
32951fs2	Coos	1.0	29009fs2	0.0	0.0095268943439936	0.0	1.0	1.0	0.0	0.0	0.0	0.0	1.0	1.0	1.0
89fs2	Coos	1.0	29009fs2	0.0	0.0	0.0	0.400000005960465	0.400000005960465	0.0	1.0	0.0	150000.0	1.0	1.0	1.0
88fs2	Coos	1.0	29009fs2	0.0	0.0	0.0	0.400000005960465	0.400000005960465	0.0	1.0	0.0	150000.0	1.0	1.0	1.0
90fs2	Coos	1.0	29010fs2	0.0	0.0	0.0	1.0	1.0	0.0	1.0	0.0	300000.0	1.0	1.0	1.0
10Ats1	Coquille	1.0	NA	0.209886222140652	0.0	0.459202709271608	0.0	0.0	0.0	1.0	0.0	1080000.0	1.0	1.0	1.0
13ts1	Coquille	1.0	NA	0.224896693679883	0.0	0.0383660354513906	0.0	0.0	0.0	1.0	0.0	1080000.0	1.0	1.0	1.0
14ts1	Coquille	1.0	NA	0.109816083143729	0.0	0.0975863066979064	0.0	0.0	0.0	1.0	0.0	360000.0	1.0	1.0	1.0
15ts1	Coquille	1.0	NA	0.0426670231645514	0.0	0.024545267835533	0.0	0.0	0.0	1.0	0.0	540000.0	1.0	1.0	1.0
16ts1	Coquille	1.0	NA	0.0419242163823332	0.0	0.0105073760039807	0.0	0.0	0.0	1.0	0.0	260000.0	1.0	1.0	1.0
18ts1	Coquille	1.0	NA	0.0324100465532372	0.0	0.0590003792170313	0.0	0.0	0.0	1.0	0.0	360000.0	1.0	1.0	1.0
19ts1	Coquille	1.0	NA	0.0230217031471056	0.0	0.0338917025533313	0.0	0.0	0.0	1.0	0.0	360000.0	1.0	1.0	1.0
20ts1	Coquille	1.0	NA	0.0	0.0	0.0206976966557284	0.0	0.0	0.0	1.0	0.0	260000.0	1.0	1.0	1.0
22ts1	Coquille	1.0	NA	0.0546664706936295	0.0	0.0370023090722766	0.0	0.0	0.0	1.0	0.0	260000.0	1.0	1.0	1.0
23ts1	Coquille	1.0	NA	0.0	0.0	0.0541575013491048	0.0	0.0	0.0	1.0	0.0	360000.0	1.0	1.0	1.0
24ts1	Coquille	1.0	NA	0.0	0.0	0.0117662312244762	0.0	0.0	0.0	1.0	0.0	100000.0	1.0	1.0	1.0
25ts1	Coquille	1.0	NA	0.0131811570590909	0.0274233313752132	0.0513522695198247	0.0	0.0	0.0	1.0	0.0	260000.0	1.0	1.0	1.0
31ts1	Coquille	1.0	NA	0.0	0.0	0.0250918149764703	0.0	0.0	0.0	1.0	0.0	200000.0	1.0	1.0	1.0
32ts1	Coquille	1.0	NA	0.0	0.0	0.0072861631019858	0.0	0.0	0.0	1.0	0.0	260000.0	1.0	1.0	1.0
33ts1	Coquille	1.0	NA	0.0	0.0	0.0071653682551722	0.0	0.0	0.0	1.0	0.0	100000.0	1.0	1.0	1.0
34ts1	Coquille	1.0	NA	0.0552896895039007	0.0016979647370695	0.0980405636519966	0.0	0.0	0.0	1.0	0.0	260000.0	1.0	1.0	1.0
35ts1	Coquille	1.0	NA	0.530304182787094	0.799078184868009	0.0609773860334252	0.0	0.0	0.0	1.0	0.0	1900000.0	1.0	1.0	1.0
36Ats1	Coquille	1.0	NA	0.181761170124156	0.0	0.313761766361812	0.0	0.0	0.0	1.0	0.0	810000.0	1.0	1.0	1.0
37ts1	Coquille	1.0	NA	0.229818688394301	0.0	0.0060328790755298	0.0	0.0	0.0	1.0	0.0	1260000.0	1.0	1.0	1.0
54ts1	Coquille	1.0	NA	0.0336379946369788	0.0	0.0208810433510093	0.0	0.0	0.0	1.0	0.0	260000.0	1.0	1.0	1.0
55Ats1	Coquille	1.0	NA	0.0643612111796871	0.0	0.0054106889745281	0.0	0.0	0.0	1.0	0.0	540000.0	1.0	1.0	1.0
12Dts1	Coquille	1.0	NA	1.0	0.0	1.0	0.0	0.0	0.0	0.0	0.0	1260000.0	1.0	1.0	1.0
55Bts1	Coquille	1.0	NA	0.0	0.0	0.0038416562651226	0.0	0.0	0.0	1.0	0.0	100000.0	1.0	1.0	1.0
61Bts1	Coquille	1.0	NA	0.681825577195481	0.0	0.284074444087945	0.0	0.0	0.0	1.0	0.0	2000000.0	1.0	1.0	1.0
900ts1	Coquille	1.0	NA	0.0	0.0	0.0491845245545236	0.0	0.0	0.0	1.0	0.0	200000.0	1.0	1.0	1.0
3703fs1	Coquille	1.0	37ts1	0.0	0.0	0.0	1.0	1.0	0.0	1.0	0.0	75000.0	1.0	1.0	1.0
3978fs1	Coquille	1.0	35ts1	0.0	0.0	0.0	1.0	1.0	0.0	0.0	0.0	0.0	1.0	1.0	1.0
9040fs1	Coquille	1.0	3703fs1	0.0	0.0	0.0	0.0	0.0	0.0	1.0	0.0	75000.0	1.0	1.0	1.0
7958fs1	Coquille	1.0	29413fs1	0.0	0.0	0.0	1.0	1.0	0.0	0.0	0.0	0.0	1.0	1.0	1.0
29413fs1	Coquille	1.0	17584fs1	0.0	0.0	0.0	1.0	1.0	0.0	1.0	0.0	75000.0	1.0	1.0	1.0
16092fs1	Coquille	1.0	14ts1	0.0009652594072822	0.0	0.0	1.0	1.0	0.0	1.0	0.0	75000.0	1.0	1.0	1.0
3641fs1	Coquille	1.0	61Bts1	0.0667662961093981	0.0	0.0	1.0	1.0	0.0	1.0	0.0	75000.0	1.0	1.0	1.0
3642fs1	Coquille	1.0	61Bts1	0.0	0.0	0.0	1.0	1.0	0.0	1.0	0.0	75000.0	1.0	1.0	1.0
8057fs1	Coquille	1.0	23ts1	0.0	0.0	0.0	1.0	1.0	0.0	1.0	0.0	75000.0	1.0	1.0	1.0
10145fs1	Coquille	1.0	15ts1	0.0694925673483678	0.0	0.0	1.0	1.0	0.0	1.0	0.0	75000.0	1.0	1.0	1.0
10245fs1	Coquille	1.0	3978fs1	0.0	0.0	0.0	1.0	1.0	0.0	0.0	0.0	0.0	1.0	1.0	1.0
10571fs1	Coquille	1.0	3703fs1	0.0	0.0	0.0	1.0	1.0	0.0	1.0	0.0	75000.0	1.0	1.0	1.0
4506fs1	Coquille	1.0	61Bts1	0.0	0.0	0.0	0.0	0.0	0.0	1.0	0.0	75000.0	1.0	1.0	1.0
23901fs1	Coquille	1.0	61Bts1	0.0	0.0	0.0	0.0	0.0	0.0	1.0	0.0	75000.0	1.0	1.0	1.0
15637fs1	Coquille	1.0	10Ats1	0.0	0.0	0.0	1.0	1.0	0.0	1.0	0.0	75000.0	1.0	1.0	1.0
16385fs1	Coquille	1.0	61Bts1	0.0	0.0	0.0	0.0	0.0	0.0	1.0	0.0	75000.0	1.0	1.0	1.0
17584fs1	Coquille	1.0	10245fs1	0.0	0.0	0.0	1.0	1.0	0.0	1.0	0.0	75000.0	1.0	1.0	1.0
15938fs1	Coquille	1.0	12Dts1	0.134597991230509	0.0	0.0	1.0	1.0	0.0	0.0	0.0	75000.0	1.0	1.0	1.0
39Ets1	Coquille	1.0	NA	0.0	0.0	0.0	0.0	0.0	0.0	0.0	0.0	0.0	1.0	1.0	1.0
39Dts1	Coquille	1.0	NA	0.0	0.0	0.0	0.0	0.0	0.0	0.0	0.0	0.0	1.0	1.0	1.0
39Cts1	Coquille	1.0	NA	0.0	0.0	0.0	0.0	0.0	0.0	0.0	0.0	0.0	1.0	1.0	1.0
39Bts1	Coquille	1.0	NA	0.0	0.0	0.0	0.0	0.0	0.0	0.0	0.0	0.0	1.0	1.0	1.0
39Ats1	Coquille	1.0	NA	0.558076777192682	0.0	0.0	0.0	0.0	0.0	0.0	0.0	2000000.0	1.0	1.0	1.0
9ts1	Coquille	1.0	NA	0.0	0.0	0.0	0.0	0.0	0.0	0.0	0.0	0.0	1.0	1.0	1.0
11Ats1	Coquille	1.0	NA	0.0	0.0	0.0	0.0	0.0	0.0	0.0	0.0	0.0	1.0	1.0	1.0
12Ats1	Coquille	1.0	NA	0.0	0.0	0.0	0.0	0.0	0.0	0.0	0.0	0.0	1.0	1.0	1.0
17ts1	Coquille	1.0	NA	0.0	0.0	0.0	0.0	0.0	0.0	0.0	0.0	0.0	1.0	1.0	1.0
21ts1	Coquille	1.0	NA	0.0171980902689969	0.0	0.044080047408584	0.0	0.0	0.0	0.0	0.0	0.0	1.0	1.0	1.0
26ts1	Coquille	1.0	NA	0.0	0.0	0.0	0.0	0.0	0.0	0.0	0.0	0.0	1.0	1.0	1.0
27ts1	Coquille	1.0	NA	0.0	0.0	0.0	0.0	0.0	0.0	0.0	0.0	0.0	1.0	1.0	1.0
28ts1	Coquille	1.0	NA	0.0	0.0	0.0	0.0	0.0	0.0	0.0	0.0	0.0	1.0	1.0	1.0
29ts1	Coquille	1.0	NA	0.0	0.0	0.0	0.0	0.0	0.0	0.0	0.0	0.0	1.0	1.0	1.0
30ts1	Coquille	1.0	NA	0.0	0.0	0.0	0.0	0.0	0.0	0.0	0.0	0.0	1.0	1.0	1.0
40ts1	Coquille	1.0	NA	0.0	0.0	0.0	0.0	0.0	0.0	0.0	0.0	0.0	1.0	1.0	1.0
41ts1	Coquille	1.0	NA	0.0	0.0	0.0	0.0	0.0	0.0	0.0	0.0	0.0	1.0	1.0	1.0
42ts1	Coquille	1.0	NA	0.0	0.0	0.0	0.0	0.0	0.0	0.0	0.0	0.0	1.0	1.0	1.0
43ts1	Coquille	1.0	NA	0.0	0.0	0.0	0.0	0.0	0.0	0.0	0.0	0.0	1.0	1.0	1.0
44ts1	Coquille	1.0	NA	0.0	0.0	0.0	0.0	0.0	0.0	0.0	0.0	0.0	1.0	1.0	1.0
45ts1	Coquille	1.0	NA	0.0	0.0	0.0	0.0	0.0	0.0	0.0	0.0	0.0	1.0	1.0	1.0
46Ats1	Coquille	1.0	NA	0.0	0.0	0.0	0.0	0.0	0.0	0.0	0.0	0.0	1.0	1.0	1.0
47ts1	Coquille	1.0	NA	0.0	0.0	0.0	0.0	0.0	0.0	0.0	0.0	0.0	1.0	1.0	1.0
48ts1	Coquille	1.0	NA	0.0	0.0	0.0	0.0	0.0	0.0	0.0	0.0	0.0	1.0	1.0	1.0
49ts1	Coquille	1.0	NA	0.0	0.0	0.0	0.0	0.0	0.0	0.0	0.0	0.0	1.0	1.0	1.0
50ts1	Coquille	1.0	NA	0.0	0.0	0.0	0.0	0.0	0.0	0.0	0.0	0.0	1.0	1.0	1.0
51ts1	Coquille	1.0	NA	0.0	0.0	0.0	0.0	0.0	0.0	0.0	0.0	0.0	1.0	1.0	1.0
53ts1	Coquille	1.0	NA	0.0	0.0	0.0	0.0	0.0	0.0	0.0	0.0	0.0	1.0	1.0	1.0
11Bts1	Coquille	1.0	NA	0.0	0.0	0.0	0.0	0.0	0.0	0.0	0.0	0.0	1.0	1.0	1.0
52ts1	Coquille	1.0	NA	0.0	0.0	0.0	0.0	0.0	0.0	0.0	0.0	0.0	1.0	1.0	1.0
56ts1	Coquille	1.0	NA	0.0	0.0	0.0	0.0	0.0	0.0	0.0	0.0	0.0	1.0	1.0	1.0
38ts1	Coquille	1.0	NA	0.0	0.0	0.0	0.0	0.0	0.0	0.0	0.0	0.0	1.0	1.0	1.0
12Bts1	Coquille	1.0	NA	0.0	0.0	0.0	0.0	0.0	0.0	0.0	0.0	0.0	1.0	1.0	1.0
46Bts1	Coquille	1.0	NA	0.0	0.0	0.0	0.0	0.0	0.0	0.0	0.0	0.0	1.0	1.0	1.0
60ts1	Coquille	1.0	NA	0.0	0.0	0.0	0.0	0.0	0.0	0.0	0.0	0.0	1.0	1.0	1.0
62ts1	Coquille	1.0	NA	0.0	0.0	0.0	0.0	0.0	0.0	0.0	0.0	0.0	1.0	1.0	1.0
63ts1	Coquille	1.0	NA	0.0	0.0	0.0	0.0	0.0	0.0	0.0	0.0	0.0	1.0	1.0	1.0
64ts1	Coquille	1.0	NA	0.0	0.0	0.0	0.0	0.0	0.0	0.0	0.0	0.0	1.0	1.0	1.0
65ts1	Coquille	1.0	NA	0.0	0.0	0.0	0.0	0.0	0.0	0.0	0.0	0.0	1.0	1.0	1.0
66ts1	Coquille	1.0	NA	0.0	0.0	0.0	0.0	0.0	0.0	0.0	0.0	0.0	1.0	1.0	1.0
57ts1	Coquille	1.0	NA	0.0	0.0	0.0	0.0	0.0	0.0	0.0	0.0	0.0	1.0	1.0	1.0
58ts1	Coquille	1.0	NA	0.0	0.0	0.0	0.0	0.0	0.0	0.0	0.0	0.0	1.0	1.0	1.0
59ts1	Coquille	1.0	NA	0.0	0.0	0.0	0.0	0.0	0.0	0.0	0.0	0.0	1.0	1.0	1.0
67ts1	Coquille	1.0	NA	0.0	0.0	0.0	0.0	0.0	0.0	0.0	0.0	0.0	1.0	1.0	1.0
68ts1	Coquille	1.0	NA	0.0	0.0	0.0	0.0	0.0	0.0	0.0	0.0	0.0	1.0	1.0	1.0
69ts1	Coquille	1.0	NA	0.0	0.0	0.0	0.0	0.0	0.0	0.0	0.0	0.0	1.0	1.0	1.0
70ts1	Coquille	1.0	NA	0.0	0.0	0.0	0.0	0.0	0.0	0.0	0.0	0.0	1.0	1.0	1.0
71ts1	Coquille	1.0	NA	0.0	0.0	0.0	0.0	0.0	0.0	0.0	0.0	0.0	1.0	1.0	1.0
72ts1	Coquille	1.0	NA	0.0	0.0	0.0	0.0	0.0	0.0	0.0	0.0	0.0	1.0	1.0	1.0
73ts1	Coquille	1.0	NA	0.0	0.0	0.0	0.0	0.0	0.0	0.0	0.0	0.0	1.0	1.0	1.0
74ts1	Coquille	1.0	NA	0.0	0.0	0.0	0.0	0.0	0.0	0.0	0.0	0.0	1.0	1.0	1.0
75ts1	Coquille	1.0	NA	0.0	0.0	0.0	0.0	0.0	0.0	0.0	0.0	0.0	1.0	1.0	1.0
76ts1	Coquille	1.0	NA	0.0	0.0	0.0	0.0	0.0	0.0	0.0	0.0	0.0	1.0	1.0	1.0
77ts1	Coquille	1.0	NA	0.0	0.0	0.0	0.0	0.0	0.0	0.0	0.0	0.0	1.0	1.0	1.0
78ts1	Coquille	1.0	NA	0.0	0.0	0.0	0.0	0.0	0.0	0.0	0.0	0.0	1.0	1.0	1.0
79ts1	Coquille	1.0	NA	0.0	0.0	0.0	0.0	0.0	0.0	0.0	0.0	0.0	1.0	1.0	1.0
80ts1	Coquille	1.0	NA	0.0	0.0	0.0	0.0	0.0	0.0	0.0	0.0	0.0	1.0	1.0	1.0
81ts1	Coquille	1.0	NA	0.0	0.0	0.0	0.0	0.0	0.0	0.0	0.0	0.0	1.0	1.0	1.0
82ts1	Coquille	1.0	NA	0.0	0.0	0.0	0.0	0.0	0.0	0.0	0.0	0.0	1.0	1.0	1.0
83ts1	Coquille	1.0	NA	0.0	0.0	0.0	0.0	0.0	0.0	0.0	0.0	0.0	1.0	1.0	1.0
84ts1	Coquille	1.0	NA	0.0	0.0	0.0	0.0	0.0	0.0	0.0	0.0	0.0	1.0	1.0	1.0
85ts1	Coquille	1.0	NA	0.0	0.0	0.0	0.0	0.0	0.0	0.0	0.0	0.0	1.0	1.0	1.0
86ts1	Coquille	1.0	NA	0.0	0.0	0.0	0.0	0.0	0.0	0.0	0.0	0.0	1.0	1.0	1.0
87ts1	Coquille	1.0	NA	0.0	0.0	0.0	0.0	0.0	0.0	0.0	0.0	0.0	1.0	1.0	1.0
88ts1	Coquille	1.0	NA	0.0	0.0	0.0	0.0	0.0	0.0	0.0	0.0	0.0	1.0	1.0	1.0
89ts1	Coquille	1.0	NA	0.0	0.0	0.0	0.0	0.0	0.0	0.0	0.0	0.0	1.0	1.0	1.0
90ts1	Coquille	1.0	NA	0.0	0.0	0.0	0.0	0.0	0.0	0.0	0.0	0.0	1.0	1.0	1.0
92ts1	Coquille	1.0	NA	0.0	0.0	0.0	0.0	0.0	0.0	0.0	0.0	0.0	1.0	1.0	1.0
91ts1	Coquille	1.0	NA	0.0	0.0	0.0	0.0	0.0	0.0	0.0	0.0	0.0	1.0	1.0	1.0
93ts1	Coquille	1.0	NA	0.0	0.0	0.0	0.0	0.0	0.0	0.0	0.0	0.0	1.0	1.0	1.0
94ts1	Coquille	1.0	NA	0.0	0.0	0.0	0.0	0.0	0.0	0.0	0.0	0.0	1.0	1.0	1.0
95ts1	Coquille	1.0	NA	0.0	0.0	0.0	0.0	0.0	0.0	0.0	0.0	0.0	1.0	1.0	1.0
96ts1	Coquille	1.0	NA	0.0	0.0	0.0	0.0	0.0	0.0	0.0	0.0	0.0	1.0	1.0	1.0
97ts1	Coquille	1.0	NA	0.0	0.0	0.0	0.0	0.0	0.0	0.0	0.0	0.0	1.0	1.0	1.0
98ts1	Coquille	1.0	NA	0.0	0.0	0.0	0.0	0.0	0.0	0.0	0.0	0.0	1.0	1.0	1.0
99ts1	Coquille	1.0	NA	0.0	0.0	0.0	0.0	0.0	0.0	0.0	0.0	0.0	1.0	1.0	1.0
100ts1	Coquille	1.0	NA	0.0	0.0	0.0	0.0	0.0	0.0	0.0	0.0	0.0	1.0	1.0	1.0
101ts1	Coquille	1.0	NA	0.0	0.0	0.0	0.0	0.0	0.0	0.0	0.0	0.0	1.0	1.0	1.0
102ts1	Coquille	1.0	NA	0.0	0.0	0.0	0.0	0.0	0.0	0.0	0.0	0.0	1.0	1.0	1.0
103ts1	Coquille	1.0	NA	0.0	0.0	0.0	0.0	0.0	0.0	0.0	0.0	0.0	1.0	1.0	1.0
104ts1	Coquille	1.0	NA	0.0	0.0	0.0	0.0	0.0	0.0	0.0	0.0	0.0	1.0	1.0	1.0
105ts1	Coquille	1.0	NA	0.0	0.0	0.0	0.0	0.0	0.0	0.0	0.0	0.0	1.0	1.0	1.0
106ts1	Coquille	1.0	NA	0.0	0.0	0.0	0.0	0.0	0.0	0.0	0.0	0.0	1.0	1.0	1.0
107ts1	Coquille	1.0	NA	0.0	0.0	0.0	0.0	0.0	0.0	0.0	0.0	0.0	1.0	1.0	1.0
1ts5	Umpqua	1.0	NA	0.0675692776410626	0.0016889942971617	0.18534527979096	0.0	0.0	0.0	1.0	0.0	540000.0	1.0	1.0	1.0
2ts5	Umpqua	1.0	NA	0.0	0.0	0.0	0.0	0.0	0.0	0.0	0.0	0.0	1.0	1.0	1.0
3ts5	Umpqua	1.0	NA	0.0	0.0	0.0107433854792424	0.0	0.0	0.0	1.0	0.0	100000.0	1.0	1.0	1.0
4ts5	Umpqua	1.0	NA	0.0	0.0	0.0	0.0	0.0	0.0	0.0	0.0	0.0	1.0	1.0	1.0
5ts5	Umpqua	1.0	NA	0.0	0.0	0.0159403078180949	0.0	0.0	0.0	1.0	0.0	360000.0	1.0	1.0	1.0
6ts5	Umpqua	1.0	NA	0.0	0.0	6.34015285492125e-06	0.0	0.0	0.0	1.0	0.0	100000.0	1.0	1.0	1.0
7ts5	Umpqua	1.0	NA	0.0	0.0	0.0106557369808834	0.0	0.0	0.0	1.0	0.0	100000.0	1.0	1.0	1.0
8ts5	Umpqua	NA	NA	0.0	0.0	0.0022999048887027	0.0	0.0	0.0	1.0	NA	100000.0	1.0	1.0	1.0
9ts5	Umpqua	NA	NA	0.0	0.0	0.0230722048490858	0.0	0.0	0.0	1.0	NA	200000.0	1.0	1.0	1.0
10ts5	Umpqua	NA	NA	0.0	0.0	0.0	0.0	0.0	0.0	0.0	NA	0.0	1.0	1.0	1.0
11ts5	Umpqua	NA	NA	0.0	0.0	0.0	0.0	0.0	0.0	0.0	NA	0.0	1.0	1.0	1.0
12ts5	Umpqua	NA	NA	0.0	0.0	0.0	0.0	0.0	0.0	0.0	NA	0.0	1.0	1.0	1.0
13ts5	Umpqua	NA	NA	0.0	0.0	0.0257612054861649	0.0	0.0	0.0	1.0	NA	200000.0	1.0	1.0	1.0
14ts5	Umpqua	NA	NA	0.0	0.0	0.0125186253589856	0.0	0.0	0.0	1.0	NA	100000.0	1.0	1.0	1.0
15ts5	Umpqua	NA	NA	0.0	0.0	0.002893597230693	0.0	0.0	0.0	1.0	NA	100000.0	1.0	1.0	1.0
16ts5	Umpqua	NA	NA	0.0	0.0	0.0024413550900356	0.0	0.0	0.0	1.0	NA	100000.0	1.0	1.0	1.0
17ts5	Umpqua	NA	NA	0.0	0.0	0.0013423170952631	0.0	0.0	0.0	1.0	NA	100000.0	1.0	1.0	1.0
18ts5	Umpqua	NA	NA	0.0	0.0	0.0137915840080896	0.0	0.0	0.0	1.0	NA	260000.0	1.0	1.0	1.0
19ts5	Umpqua	NA	NA	0.0	0.0	0.0002204409374155	0.0	0.0	0.0	1.0	NA	100000.0	1.0	1.0	1.0
20ts5	Umpqua	NA	NA	0.0	0.0	0.0257403646021252	0.0	0.0	0.0	1.0	NA	260000.0	1.0	1.0	1.0
14762fs5	Umpqua	NA	1ts5	0.0	0.0	0.0	0.0	0.0	0.0	0.0	NA	75000.0	1.0	1.0	1.0
15209fs5	Umpqua	NA	1ts5	0.0	0.0	0.0	0.0	0.0	0.0	0.0	NA	75000.0	1.0	1.0	1.0
14072fs5	Umpqua	NA	5ts5	0.0	0.0	0.0	0.0	0.0	0.0	0.0	NA	75000.0	1.0	1.0	1.0
15201fs5	Umpqua	NA	5ts5	0.0	0.0	0.0	0.0	0.0	0.0	0.0	NA	75000.0	1.0	1.0	1.0
16186fs5	Umpqua	NA	5ts5	0.0	0.0	0.0	0.0	0.0	0.0	0.0	NA	75000.0	1.0	1.0	1.0
1ts6	Umpqua	NA	NA	0.0	0.0	0.0	0.0	0.0	0.0	0.0	NA	0.0	1.0	1.0	1.0
3ts6	Umpqua	NA	NA	0.0	0.0	0.0	0.0	0.0	0.0	0.0	NA	0.0	1.0	1.0	1.0
5ts6	Umpqua	NA	NA	0.0950853711408872	0.192830481384201	0.0740309904094307	0.0	0.0	0.0	1.0	NA	260000.0	1.0	1.0	1.0
7ts6	Umpqua	NA	NA	0.0674671409632815	0.173963109306837	0.0708934680426925	0.0	0.0	0.0	1.0	NA	260000.0	1.0	1.0	1.0
9ts6	Umpqua	NA	NA	0.0504908544113862	0.129793892245581	0.107223624099912	0.0	0.0	0.0	1.0	NA	540000.0	1.0	1.0	1.0
14ts6	Umpqua	NA	NA	0.0	0.0	0.0	0.0	0.0	0.0	0.0	NA	0.0	1.0	1.0	1.0
10Bts1	Coquille	NA	NA	0.0	0.0	0.0	0.0	0.0	0.0	0.0	NA	0.0	1.0	1.0	1.0
36Bts1	Coquille	NA	NA	0.0	0.0	0.0	0.0	0.0	0.0	0.0	NA	0.0	1.0	1.0	1.0
36Cts1	Coquille	NA	NA	0.0	0.0	0.0	0.0	0.0	0.0	0.0	NA	0.0	1.0	1.0	1.0
12Cts1	Coquille	NA	NA	0.0	0.0	0.0	0.0	0.0	0.0	0.0	NA	0.0	1.0	1.0	1.0
61Ats1	Coquille	NA	NA	0.0	0.0	0.0	0.0	0.0	0.0	0.0	NA	0.0	1.0	1.0	1.0
61Cts1	Coquille	NA	NA	0.0	0.0	0.0	0.0	0.0	0.0	0.0	NA	0.0	1.0	1.0	1.0
3638fs1	Coquille	NA	39Ats1	0.129016648251438	0.0	0.0	0.0	0.0	0.0	1.0	NA	300000.0	1.0	1.0	1.0
3639fs1	Coquille	NA	39Ats1	0.152141257612131	0.0	0.0	0.0	0.0	0.0	1.0	NA	300000.0	1.0	1.0	1.0
8435fs1	Coquille	NA	39Ats1	0.0	0.0	0.0	0.0	0.0	0.0	1.0	NA	150000.0	1.0	1.0	1.0
24894fs1	Coquille	NA	39Ats1	0.0	0.0	0.0	0.0	0.0	0.0	1.0	NA	75000.0	1.0	1.0	1.0
NA	NA	1.0	NA	NA	NA	NA	NA	NA	NA	NA	0.0	NA	NA	NA	NA
NA	NA	1.0	NA	NA	NA	NA	NA	NA	NA	NA	0.0	NA	NA	NA	NA
NA	NA	1.0	NA	NA	NA	NA	NA	NA	NA	NA	0.0	NA	NA	NA	NA
NA	NA	1.0	NA	NA	NA	NA	NA	NA	NA	NA	0.0	NA	NA	NA	NA
NA	NA	1.0	NA	NA	NA	NA	NA	NA	NA	NA	0.0	NA	NA	NA	NA
NA	NA	1.0	NA	NA	NA	NA	NA	NA	NA	NA	0.0	NA	NA	NA	NA
NA	NA	1.0	NA	NA	NA	NA	NA	NA	NA	NA	0.0	NA	NA	NA	NA
NA	NA	1.0	NA	NA	NA	NA	NA	NA	NA	NA	0.0	NA	NA	NA	NA
NA	NA	1.0	NA	NA	NA	NA	NA	NA	NA	NA	0.0	NA	NA	NA	NA
NA	NA	1.0	NA	NA	NA	NA	NA	NA	NA	NA	0.0	NA	NA	NA	NA
NA	NA	1.0	NA	NA	NA	NA	NA	NA	NA	NA	0.0	NA	NA	NA	NA
NA	NA	1.0	NA	NA	NA	NA	NA	NA	NA	NA	0.0	NA	NA	NA	NA
NA	NA	1.0	NA	NA	NA	NA	NA	NA	NA	NA	0.0	NA	NA	NA	NA
NA	NA	1.0	NA	NA	NA	NA	NA	NA	NA	NA	0.0	NA	NA	NA	NA
NA	NA	1.0	NA	NA	NA	NA	NA	NA	NA	NA	0.0	NA	NA	NA	NA
NA	NA	1.0	NA	NA	NA	NA	NA	NA	NA	NA	0.0	NA	NA	NA	NA
NA	NA	1.0	NA	NA	NA	NA	NA	NA	NA	NA	0.0	NA	NA	NA	NA
NA	NA	1.0	NA	NA	NA	NA	NA	NA	NA	NA	0.0	NA	NA	NA	NA
NA	NA	1.0	NA	NA	NA	NA	NA	NA	NA	NA	0.0	NA	NA	NA	NA
NA	NA	1.0	NA	NA	NA	NA	NA	NA	NA	NA	0.0	NA	NA	NA	NA
NA	NA	1.0	NA	NA	NA	NA	NA	NA	NA	NA	0.0	NA	NA	NA	NA
NA	NA	1.0	NA	NA	NA	NA	NA	NA	NA	NA	0.0	NA	NA	NA	NA
NA	NA	1.0	NA	NA	NA	NA	NA	NA	NA	NA	0.0	NA	NA	NA	NA
NA	NA	1.0	NA	NA	NA	NA	NA	NA	NA	NA	0.0	NA	NA	NA	NA
NA	NA	1.0	NA	NA	NA	NA	NA	NA	NA	NA	0.0	NA	NA	NA	NA
NA	NA	1.0	NA	NA	NA	NA	NA	NA	NA	NA	0.0	NA	NA	NA	NA
NA	NA	1.0	NA	NA	NA	NA	NA	NA	NA	NA	0.0	NA	NA	NA	NA
NA	NA	1.0	NA	NA	NA	NA	NA	NA	NA	NA	0.0	NA	NA	NA	NA
NA	NA	1.0	NA	NA	NA	NA	NA	NA	NA	NA	0.0	NA	NA	NA	NA
NA	NA	1.0	NA	NA	NA	NA	NA	NA	NA	NA	0.0	NA	NA	NA	NA
NA	NA	1.0	NA	NA	NA	NA	NA	NA	NA	NA	0.0	NA	NA	NA	NA
NA	NA	1.0	NA	NA	NA	NA	NA	NA	NA	NA	0.0	NA	NA	NA	NA
NA	NA	1.0	NA	NA	NA	NA	NA	NA	NA	NA	0.0	NA	NA	NA	NA
NA	NA	1.0	NA	NA	NA	NA	NA	NA	NA	NA	0.0	NA	NA	NA	NA
